# Prefixed 6 digit numbers
375415
376064
376066
377747
377852
401795
405221
407220
413332
413348
414726
423953
436356
443084
443415
443420
443438
443441
443445
443469
450606
450949
451890
455701
456004
456441
456443
456444
456450
456462
456468
456469
456471
456472
456474
457356
458594
462239
462485
464579
472437
472660
472690
477361
486270
494052
494053
512576
514045
514813
516296
516310
516319
516320
516361
516390
519244
521729
523748
528013
529020
529512
532655
535316
535318
535319
540482
543568
544434
544637
544647
546827
550201
552033
555005